1654581507359490048
1654066665779347458
1653902487747801088
1647744278188240897
1647509607881818112
1647044280920178688
1646992013672210432
1646832594699313153
1646608477119303690
1646603519468752930
1646596696720265227
1646579563491721217
1646562504573583368
1646273474082529280
1646272462269698052
1645210634441703427
1644457476048269316
1641869787931238412
1639941365231435777
1638984641444220929
1638220272221167618
1636882202318315523
1636762420487114752
1633534738978725895
1633459719921704962
1632928079394865153
1631670789895344128
1631124628792827906
1628106546025463820
1622988048232218630
1621961139687923712
1621954450704453632
1621950193171038208
1621859507218309123
1621710566623526913
1620614769291169792
1618666964192460800
1616577672439648258
1616079247961096193
1615340262745862147
1615203317021286400
1615164953421381633
1615154105856688128
1615143909264396290
1615136534738370561
1615127171273560067
1612772073939550208
1609603700259164161
1604133265002078211
1600941602486120449
1599456601119031297
1598569556083089409
1597916205402443779
1597755268435038209
1594299490554597376
1594294756099723266
1591760579265548288
1590787154896379904
1589356367219167232
1588915239512219649
1579477078160084993
1571158751746441219
1571080411278872577
1570456363498885122
1568730853970247680
1566784825582829568
1566539667096346624
1566539577287917569
1563274954807709696
1552450319715602432
1552054029617963008
1546597691190296583
1539368398961971201
1539094829233315841
1538890557195309058
1538890418032631808
1533188264361922560
1530929119814377473
1527635011272380422
1521281152077778950
1520091946794078209
1520070022508523520
1520013041919746048
1515741671551549440
1515708884849246211
1515466002217283589
1515125332877185031
1514565804242747399
1514562980574285824
1514476497800953856
1514447826897588225
1514427472951058434
1514426285346660354
1514396359994056716
1514378152214212620
1514367033298894848
1514354227887357952
1514352414383648769
1514351003298062343
1514350972381847552
1514349764397211652
1514349033443278850
1514348313050599428
1514335161399267337
1514332146797879307
1514328064993374208
1514319895810523136
1514313993866907656
1514307903334887424
1514298985770594308
1514295424533864453
1514293990606127106
1514288593774292992
1514288085521121287
1514286757180760075
1514286020065386502
1514265463903117323
1514262510748241930
1514260184176242699
1514243827871141890
1514240057477062657
1514222383124684806
1514219549868142602
1514219118366535684
1514211911864393734
1514196966531604485
1514161143492849664
1514159277665300483
1514027412383748104
1514003630793404417
1514003323724120071
1513876392915701762
1513740699354738689
1513217499843678209
1512888351115956229
1511877331375304707
1507167560839667716
1484163134856310789
1481437410496073735
1481397761828397059
1481396142533488640
1481049167267090437
1472396341913526274
1466579485122347010
1466457726914076673
1463536392227762178
1463419414326427650
1463322180104634373
1462574923063472128
1462574666959179779
1462540404192993290
1462535879126364164
1462527896237576201
1455307180601659401
1454181053707558914
1453158260249333763
1451689842904080392
1444774443369340932
1444634282924855297
1444069621708083202
1437582613607329793
1436932244518604804
1433261781925908483
1426855709531070465
1413679081036595201
1413671845488889861
1411376398619512844
1407753702446927874
1405981027126894597
1393648178247847937
1391608171219795968
1385610788229025795
1385405301474709513
1383796265431957511
1383219101112225792
1383123437724524544
1383122972085469187
1383083999720054784
1383081985908871170
1382696422160658445
1382186050852896768
1382155842682818563
1382155439480131590
1382116967750983682
1382077160320610305
1382053257779023877
1382034517406273536
1382009814260273156
1382009584034926595
1381997668562579463
1381983208212983809
1381730677754900481
1381730042598850570
1381417285550755844
1381397128824696838
1381396704776351747
1381396696911986693
1381396470071488518
1381396431441948672
1381396429495808002
1381396422176702469
1381396368179216387
1381396336428343298
1381396294384648195
1381396266043727877
1381396265653649408
1381396253410537473
1381396210297233416
1381396142869639168
1381396141623889930
1381396081595011073
1381395984014524419
1381395887486857222
1381395860731363330
1381395809426665472
1381395772797816834
1381395744268124160
1381395630518640643
1381395627465183233
1380697824195706881
1378506371419795458
1374876230584049682
1374548355846656005
1372949547786379265
1372944557260832768
1372735378189398018
1368998166457094148
1368615966356160512
1358603121363148801
1352742177554788354
1349378557034815489
1342920834369908740
1334170737872162819
1334109862050099203
1332107288929325057
1330092946717290497
1329863600857624576
1329857637186416640
1329833550900842499
1324322318160666625
1319054587756748801
1318978543934705664
1318977071339667458
1318617918968598535
1316750406672842754
1316671166011113472
1316517403103244289
1315396964423471108
1315310133497470985
1313594686355976198
1312226310324916225
1312212097657266177
1312205741873262592
1309689891878391809
1309669025337749504
1302298677340450816
1298035533608820736
1296944720539783168
1294671354910978049
1293050796683255809
1292152296848134146
1291850594387296256
1291185840366985217
1289798572460765184
1289084422801821698
1287353716887216130
1287080241752616962
1287075213570650121
1287058670472368130
1286814524499267587
1286813152936697856
1286806915046084611
1286804091843354624
1286801904518004737
1286684713252524032
1281835931260133378
1276952212388880386
1276951057415929858
1276348139474243584
1275827696552022016
1273000268087558144
1271250292860911616
1271246882598203392
1270171746168078336
1269730067363627008
1269642193456726016
1269487753269596160
1269480866155302913
1268232437819113480
1267925735643262976
1266826686877884418
1266825173497532417
1266824796521803776
1266800460918394881
1266781703600824320
1266170201093087234
1261482539669229568
1260582427422076928
1258631515568844802
1258620130755588097
1256047532389666820
1254855152172797953
1254439680315207683
1253350262816858114
1253149530519986176
1251962674843443200
1251962434711101441
1251962363948998656
1251276168298409987
1250756426441555976
1250700478398283776
1249829220144099328
1249718291356102660
1249468783598678021
1249468526437576706
1247140717723557889
1246901125950865408
1246897954222374913
1246895971788783617
1246895500869218308
1246895387643973633
1246895175269584896
1246895077428989955
1246895070126772225
1246895068725854209
1246895032541609984
1244996236127674372
1244797155929395202
1241680371168796672
1241499221133492224
1241181682616672256
1240999768626782208
1238660636080406528
1238658990407438336
1238656107779850243
1231711799680126979
1231426309798219776
1220779030850523136
1219926697597898752
1217170530391994368
1215419030678515722
1212372373699252224
1208240189832925184
1204399069520678914
1203813038488457219
1203762701077549056
1202782558469140480
1201626053338370048
1201550110875930630
1199657199125114886
1198745840866729985
1198056628941185024
1197521713493401602
1197206206441558019
1167384753009549312
1163505447023910912
1162872642258505728
1150639309701165057
1148390067364335616
1127102527080673280
1121952111783284741
1118326815259492353
1118130948887990272
1117092013680230400
1117086186206633984
1116521102153531399
1115313987535634432
1114851962758025218
1113072449472679936
1112916179138609153
1112409909256220672
1111473504233418753
1107456196930404355
1107455980051288065
1107455874778497024
1107455343557251072
1107455293699645441
1107455264071041025
1102391483502493696
1102387639750152192
1090784391058599937
1084807565404442624
1082098654813540359
1080462547051053056
1079681368152522752
1078278621930942464
1078006602559602688
1069303650433069058
1069298266087530496
1066833693925392387
1066337810444111872
1064719246377263105
1064717762143109120
1064695063920484353
1063872758868836353
1057786441919533059
1057283700960968705
1057282625944084482
1057281653503156225
1057108664060915713
1056307958433366016
1050968045055819776
1049673390880108545
1046885162078937089
1046882420027461632
1046109230682583040
1045882391187927040
1045080889754091521
1042065173433995264
1041673513965375493
1040277839453593600
1040258803894300672
1040214795302129664
1040214510898802688
1036975588702146560
1033391810565947392
1023126278608744448
1022407995567874048
1022404054117490689
1022403669214543872
1019409611252695041
1019409386530275331
1019409034795986945
1019408879623589888
1019045628159123456
1016366701720539136
1016140814592901121
1016094234573713409
1016092599059402753
1016092393274314754
1016092207294664704
1016092122674589697
1016092041833533440
1016091900653264899
1014842718370127877
1014837837672349697
1014836303588884481
1014736650960756736
1014728965574053893
1011024979805245441
1008182795464839169
1008182514488406016
1006399657092796417
1005968059931222016
1005313678906884096
1004060133192814592
1003679482761416704
1003583446307008512
1003569473717194753
1003569158716559360
1003456674596876288
1003443434571681794
1003440210607333378
1003396079893860352
1003380358514204677
1003360747831914496
1003358269820325888
1003342933955891200
1003342819812106242
1003336716558663680
1003335935868784640
1003332861997576193
1003314431017746432
1003242038836580354
1002935681558171649
1002929269385900033
1002636477669494784
1002577080104751108
1002398288908349441
1002378259844288513
1001169579610136576
999317923658436614
999316192857870337
999313961181962240
997305224703377409
996100276930187264
995844745577488384
995578093929730049
993324483934064641
991676593507586049
991672055950118913
991173678250496001
991034795735109632
989321453014220800
988832412674265088
988412667743428608
988105483193143298
987847452052082689
987552005064282112
987506216233590785
987480556261822464
987312538978324480
986981943848947713
986939685246242816
986930962972971008
986888125749211137
986763646704537602
986763028996722688
986736791393677312
986725376465489920
986716489523892224
986700093507166213
986681736707936256
986673851298967552
986671215338237961
986669435321659392
986647151760506882
986646797228630016
986646577656758273
986646455678054402
986637281455943680
986637127143317504
986627955836293121
986616829857714176
986601813708361728
986600210771120128
986592711242407941
986574760380452864
986571769065738241
986567770740576256
986557217515229184
986547690518581248
986539962941263872
986527134746279936
986512921021894656
986464620327170048
986453891532361730
986443565910974465
986440107816312835
986429575818305543
986425953680314368
986422135311732736
986420318301454339
986419946279391232
986409398619791360
986408315239456770
986405530594930688
986404415006535680
986403862469926912
986400157557248005
986398879896784896
986394747140009986
986393262654140418
986387704794492933
986385216733315073
986384812779896837
986378357960044544
986377320888860672
986375934809911296
986375672066199552
986373749044752384
986370664130076672
986370399406575619
986370352635961344
986363987356016640
986356983602102278
986356482642817024
986353270674411521
986352661996949504
986345481444954120
986340282399641600
986338310095364096
986338256987017218
986332310600585217
986325629359534080
986324143762214912
986319347416227840
986312396103999488
986309826413318144
986308058090389504
986302102094958592
986301659448983552
986300765940715520
986299334009458688
986296845675778048
986294927268241408
986294524543668224
986294301662613504
986291000489533440
986290097925566464
986290089079857152
986289099630755841
986289080609599488
986286860472287233
986286756470444035
986286092189134849
986285840300236800
986284689840320512
986281845288521729
986278156532404224
986277814822465536
986277657229832194
986277650363834368
986277607791448064
986277505479962624
986275194460360704
986274178092367874
986274018645938176
986273165298061312
986273112479158273
986272739647545344
986272736707334144
986272397589450753
986271010210177024
986270158049218560
986268930569359360
986267880399474689
986267084261818368
986267043883307009
986265977636651008
986264726693871617
986264667428458496
986264589515067392
986264573031407616
986264402583347201
986263935060987905
986263227909754881
986262889936900096
986262720390598663
986262673682845697
986262485987680256
986262083519033345
986261956553334784
986261911774941184
986261784398049281
986260539138560001
986260392979652608
986259526117679104
986259522435080192
986258922368655360
986257249256529920
986257148278661120
986256695751004162
986256586724306944
986256044539162624
986255588962299904
986255576601686017
986255189907734528
986255077018136577
986255030255869953
986254964862439424
986254799116095490
986254742497169411
986254466683981824
986254314166419458
986254022712659968
986253294325682176
986252608057769984
986252604131901440
986252507813957632
986252479632412672
986252343565012994
986252117714391040
986251702855700480
986251410453991424
986251320477745153
986250398196486144
986250115630419969
986249971899957248
986249365625843712
986249010985029632
986248616942755840
986248610663882752
986248538874155008
986248538781863937
986248512647188480
986248372632870912
986248120781758464
986247436443234309
986247382621810689
986244585063157760
986244461058510848
986244383073857537
986242931261607936
986241606343946240
986239749777080320
986239691732078592
986238864925720576
986238504622481408
986238256655118336
986238049741717504
986238046457573376
986236632662593538
986235036448866305
986232925132935168
986232589714276352
986232472429047808
986230226115092480
986230192111865856
986229509094457344
986229144823492608
986228891630129152
986228157945667585
986228082632740867
986227844316614657
986224982614298624
986223791507496961
986222251006717952
986220346708815872
986218113879412736
986217775235559426
986216976644222977
986216679846940673
986215016427917312
986214574541205504
986213270632660992
986212592875196416
986212396518838272
986212263169323014
986211391349641216
986211237909417985
986208358758862848
986208126474031104
986204374576877571
986203752297369602
986203744533667841
986201253263937536
986199413038178304
986197645076156416
986197233023451136
986193723074732032
986193326079692800
986191672836001793
986190678819471362
986189706051358720
986189553219325953
986186908626833408
986179160048586752
986178545687908352
986170073609105408
986169678719541251
986153700270985218
986153416677363712
986153254965989376
986145714739740672
986139496222724097
986138898559569920
986132952496136192
986132287212355585
986111792693895168
986109939977478144
986107265542389761
986102469531963392
986100093949362176
986098737176031232
986098571526066176
986097430340014080
986097159610216448
986097027460288512
986096032080592896
986095491707531265
986095209250459650
986094555375206400
986094437926428672
986091850766397440
986091808915681281
986091765068378112
986091687985414144
986091581676687360
986091533433651200
986091420326006786
986091276624949248
986091037067227138
986090908272734208
986090449524940800
986089888184401921
986089198703841280
986088849972572166
986088847527292929
986088846713610240
986088300250267648
986087777921052673
986086236027850753
986086130255908864
986085855013015552
986085794858393605
986085755058520064
986083588218261504
986081581688344576
986067098777669633
986054259841077248
985550886628986880
985236841745043457
985089629698355200
984878378003156992
984869780334268416
984869493003481088
984830563554156544
983892891272663040
981788839147687936
980290356490199040
977981836059082757
976917333334810624
974424397753802752
968247688914460672
967494885640146944
967154837505888256
967151003584868353
966365389759434752
961244037192839168
958974017490341888
958972468806471680
957009388337811456
949465644747116551
946387665187950602
945416670331461632
942429481700032512
939627574937997313
933086720249253888
932573066160492544
927889919934128128
921186218683060228
920239840742068226
918793466125074432
913522971406475265
911913619264299016
909485076542521344
908833240923992064
906879049905078277
900444996536500226
899675735421370368
899673801314549760
899667852021641221
899279423316406272
898670697320501248
897922360447291392
887780829539307525
885011477190586368
879557134089957380
878356392951902209
877003680729501696
876936210849173504
874009837767729153
867378301517656064
863615394552188928
862273955209641985
860740603776163840
860737859678089216
854860355075526656
854340053115559936
854337885042081792
854311678950989825
854310748964651009
854310401391165440
854309102947880961
854309058337177600
854308753998524417
852775517476356096
852485550279970816
850191088426000384
850137126876450818
837097109157515264
836589065625550849
836579508446773248
821697072386732033
820080841913143296
819204992259289090
812545889386557440
805690222415593472
804686675079217152
796750232390422532
796070889397846016
795704470684504064
793496575830089732
791798134942892032
791798063127986176
790730822353559552
785436678332772352
777653861498523648
769823290521190400
766457533234044928
765204027785224192
762063451208417284
762061018163884032
758836560322101248
754535331844808705
752857940923559936
752338883443064835
750136609136320512
745405376762421248
739663350834057216
734810664716402693
734589049445441537
734543072369971200
734541920685285377
734539896975720448
734537108602380289
734537106916249602
734536820311003136
734536535614337024
734535388291825665
734534363451428864
732754294563319810
721864918249693184
720582932843380736
720530227382861824
720425517233545216
720379081292967936
720373719978373121
720356449029894144
720326231707688961
720312765953388546
720266552906555392
720243205665644545
720219063243247619
720016404972498944
719890809773023232
717123354604470272
712284141572612097
709018848205381636
689891101327630340
681470179050680320
680870891455143937
679644486058795008
669398239775490048
665182831006498816
661862402720444416
661851025574268928
661798112407736320
661030098880086016
656663595292446720
656531286249619456
655872455307739136
653575533381451776
653183309833310208
652979680040099840
648704305273405440
648704099987365888
645439639164162048
642745012191674368
638193879813103616
631808168553803776
622944408556687361
622944371500052480
622944370682146816
619334077473234944
619325137058439169
619324793469448192
615967776931467264
615286484371931136
613517401070653440
612791432290676737
612429394775273472
612427491282714624
612425128924839936
612424896614952960
612424167581876224
612417076083433472
612416642681692160
612414923461660672
612414918801821696
612414351002177536
612413772330860544
612413061857714176
612412418124316672
612412367402573824
612411522124500992
612411361516236800
612410743321833473
612409613275791361
612409593478651904
612409407758995456
612409404537704448
612409344991191040
612409317002575872
612408975087271937
612407542820552706
612407361974702080
612406876786003968
612406846968590337
612406845907402753
612406845693558784
612406844670119936
612406642546733056
612406592881889284
612406591506092032
612406404138311680
612406385301520384
612406340875452417
612406214203281408
612406192044920832
612406148424052736
612406107357589504
612406083848552448
612406006577020928
612405835852042243
612405827731742720
612405671019950086
612405666678902784
612405649591263232
612405623464931328
612405616804401153
612405589730197505
612405547074064384
612405533144801280
612405500412477440
612405472763625472
612405455113969664
612405367931170816
612405358720495617
612405332740976640
612405313623359488
612405237819682817
612405033376690176
612405031577370624
612404940514836480
612404919992107008
612404917689434112
612404916967964676
612404906213834752
612404904376668164
612404902589919232
612404877730263040
612400741676883968
612384627341312000
612372830504792065
612130254581329920
611927318320271360
611602139882745856
611501649727721472
611501458253463552
611227127090950144
611226369616441344
611163158804361216
610985151825379328
610982707737309184
607812316818751489
607367753088028672
606451383902937088
605905138201456640
605013215744028672
603272652166397953
598968090265821186
591745667254624256
589481168132829184
588003991574937601
586371083433017344
575264457812799488
575247124968927232
574615163199950848
574606289680121856
574605894010404867
574605836376539136
574605464035586048
574601270931165185
574600455646507008
574600142612996096
574599990515007488
563021607502102528
551386084274606080
548881094482100225
539823331739193344
539747051010273280
538070210197348354
537759923544010753
537043859621281794
536671908138582016
532503693955190784
523169324002193408
521688621426814976
521688613755822081
511354474754240513
510941243615232000
510837644893634560
510833787543240705
510832631941193729
510831535189405696
508294352788258816
506969045456125953
502888723097583616
500788530755674112
500788530621464576
500788435163308032
500788366548688896
489774318445133824
489774258328178690
489772767014039552
484801494005579776
476513904357818368
475644982691631104
469738874580000768
467132009333010432
459678642595831808
458673395501379586
457206736144052224
456494277170716672
456135471618215936
455383802626326529
455383332792983552
442463484237066240
442134717052510209
423076625664577536
422519632487268353
419711904618381312
419186537948270592
413851022323625984
413850743347875840
413849183506821120
413848829298233344
413848762071932928
413848698515648512
413848688390578176
413848566839271424
413848525588668417
413848449797619712
410189046653403137
410073169496928257
407602152132337664
402927330534113280
393571072496631808
390304495814836224
377602745718808576
376916502290915328
375244209961566209
373897478862819329
371700891276947457
363251587147251714
356594127762239488
355675800533602305
340174826666856448
335128023617646593
335106490178367488
334441639290490880
328868378028687360
326164004806488066
324889623404896259
323624745419550722
323462948523737090
323211824793272320
323043185079230466
319813275221106689
319813114273071105
312375295866978304
310190340307030016
310181517391433729
306417521161031681
301546790837161985
294956534511841280
292766180928794627
291683793570521089
286552486624514049
284073032803295232
284072669744357376
281914009232482305
277951826668687360
270894705607331840
268173966298992640
243355975719997442
238739051627294721
235342087866949632
235307682876256256
235306502284537856
233620210274430979
228146395050299392
225087334096453634
225043641939406849
224692723364536321
218850868718608384
214213874205995009
212674708934623233
210386752756658177
207553827862351872
199521925276512258
196634548883304448
194264136358699009
193372895899168772
191692615056506880
191674172013940738
191673801895981056
191505384018685952
191341486225367040
191302916324335618
191297050707628032
191296647890878464
190874346565283840
190874088955314176
190873256742498304
190812516761337857
190263195787726849
189844283438804992
187345719903010817
186482054265978881
186481823965130753
182463524549836801
181426118455332864
177887968894263296
176424909524840450
176128570832326656
176068039647834113
171262780761059328
171120764941119488
171119403822358529
171118935670919169
170778869887016960
169395274605793281
169386424204918784
168772851577524224
168429190079713280
168087741614133248
168086221241847808
167346818538151937
159859907150086144
159480714528698368
157804876825501696
157431912649080832
151143943009091586
148083282821648384
142648274720010241
142614172771958784
142614121412689921
138327855611392000
138308757456289792
136241246187421696
134633841838141442
134230542219616256
133507736745938944
128471314217435136
119514317300314112
117404632275357696
117143191077138432
105966516620623873
105964273599127552
99866417326866432
96271524742434816
96258587508219904
93016138639880192
90774713529413632
88054224084152320
86497503603724288
82547158338904065
81091721588514816
78264890065817600
78251482826276864
72415471474978816
70378164727189504
68599994449534976
68024011241684993
66683836838322177
65325985494601728
65251847308455937
61420576727764992
60727810553163776
59974010263445504
59492869853036544
58567844987805696
58362959306571776
58354301000626179
58347579271946240
58345536566214656
58343738061230081
58334660131954688
58333065054928898
58323562422992896
58323360328851457
58322040737898496
58316866984214528
58310361983619073
58299984650575872
58298780847587328
58294261141082113
58293084416512001
58291403096211457
58291108236640259
58287242581524482
58286142432358400
58283938132664320
58283248408727552
58280907907399680
58276263630086144
58268576330686464
58262400369037313
58262248803672064
58259346424995840
58240771287040001
58238243770077185
58237011789742080
58233185288454144
58228478046253056
58228084603748354
58227918878416896
58227474898747393
58227441495322624
58220945881571328
58219429254803456
58219429217046528
58216120716492800
58214733064585216
58205144927580160
58168131163652096
58145483176161280
57986365006155776
57113882145198080
57074246945480704
55332086072090624
55297545961881601
52039029205630976
45202339518349313
42430832106942464
34277857123508224
34274414178603009
34271838183890944
34267263301324801
34266439120584705
34264627038658560
34262005607038976
34261600416301056
34261436700180480
34260969064628225
34260747022245888
34260669045936128
34260499973537792
34260486681931776
33830459452432384
33830448635318272
33671091465490432
33647927029145600
33616907403792385
33616903595360257
33615355117043712
33612771350286336
33612762257035265
33612761393004545
33612431062212608
33612199972831232
29982779781419008
29553419026964480
29364731584192512
29361283878879232
24720322796195840
22423793930608640
13660299039084544
13659765632671745
13637516364087296
8084172581117953
4884618314518528
4883869870333952
29560355927
29541755214
29375262832
29088797955
26942903968
24518771032
24165213209
21970076181
21891330201
21890393736
21889352864
21888499385
21887659974
21705432692
21453202639
21372239212
21367142128
21367122291
21367101184
21005830601
20991513894
20991452246
20982396495
20982009160
20966322389
20949966162
20949870389
20947571479
20945323675
20944777274
20939158147
20930231049
20906463153
20819801956
20672327290
20446142498
20326033672
20308620824
20101960402
19977658724
19814349946
19673050403
18965520724
18624223591
18624159859
18552772993
16103245015
16052313347
15095350333
12732849970
12240779440
12236181015
11195285140
11146741165
11094599073
11094583576
11017473020
10779293016
10528992384
8654252827
8551299575
8273166791
8147700183
7329109213
7052803025
7050797222
7050169004
7049523512
7049365586
7049340119
7049253864
7049242499
7049221135
5212533133
5196381941
4307294885
3691345414
3500501090
3183773785
2591856269
1416432954
1334005864
1261826188
