1656064284005105665
1656057265718165505
1655680680154525696
1655670045668696064
1650845371017355264
1643078666832822273
1640436143194873856
1638326263507984385
1638242987963555841
1635857449864380416
1633982597150785536
1633724029239533568
1623691047921385472
1617888490934632448
1607419022143852545
1605589455015972864
1605358728844574721
1605266977546706954
1605266794310148142
1605256840249483277
1605242993597988865
1605210393076531200
1605207199046852608
1605184317029814272
1603797708648726534
1603547191733264395
1603497809293893632
1603496824496852994
1603071381717094401
1601606199329583105
1601602093407961088
1601554534635302912
1601361161622278146
1601337964788793344
1601332803806760960
1601326186398830592
1601325121829949440
1601321674955452416
1601315386833932288
1594239111933571073
1588916886040969216
1583364177535520769
1559221053829816328
1558617157335924737
1548827674835124224
1544578378422173696
1541575420742696962
1540850644503912448
1539715960470478858
1518180628948303872
1515361996891463686
1512604072398168068
1498763232139526151
1498705839988826115
1498705482990567426
1497005731782045696
1492073661083394088
1490140977830453254
1484564093679943680
1478734940711882753
1467546833635487751
1461708183005761544
1461673135233810442
1461304725417213956
1461293907686432768
1461275465067515904
1461269853764034561
1461261189443428355
1461257925163368450
1460720028106510348
1458409928461275142
1458400806286368768
1458392344982704129
1457399969133039617
1444701288902561804
1438352076858347522
1434267837384863752
1425649224612417539
1421195286626684931
1420261190404612097
1417400336097107975
1413965207001522180
1413949476637642755
1411723996488404993
1410614443679969292
1410360532687855616
1410334846476562436
1410283446065373185
1410264576717885441
1406399995532677122
1405617354910973955
1401660437524058123
1401577142857699331
1399508790769238017
1389892902390837252
1388593175770669059
1387790046556835853
1387570372153954306
1386622953941516288
1386362547327143944
1386295947194417152
1386281598795108355
1386280763021221888
1385988153186656256
1385919086954172419
1385919045921386500
1382018056969457666
1374400900899373063
1359148051600965638
1358839802590879746
1358795278036434945
1356988652904194049
1356258571953045506
1350411243165769728
1319690067992965120
1319683558886330369
1315982273963945990
1313074384848945153
1305835403405131777
1303052923165843456
1299106907324657665
1286813606936551424
1278435917825441793
1275234678090448904
1269671264848928769
1267986619556139019
1263425335590375424
1254994398779109376
1251229576715472902
1249381865078874113
1248735571700310016
1236430261417586688
1235278842589253632
1233073070992220162
1232832721975562241
1231715360262410241
1205939898194300930
1204415781833859072
1191851671053328384
1189438943005069312
1172477885698830337
1168639350524936192
1166716946626293760
1164544504537501699
1162459921021120518
1152951168051625984
1143507892215173120
1124871343902732288
1124711030515490823
1123772819832229892
1121459757762662401
1118260064408748038
1118256240524779523
1110504187098472450
1110272918959857664
1110270058985590784
1110193442376876033
1110177147585388544
1110154953023242243
1110119972699815936
1110013981845061633
1109996247790878721
1109985839487074305
1109984568063545349
1109984004202291200
1109979693929975811
1109975791444594688
1109969754473799680
1109968445804892166
1109957774665043970
1109943127572447232
1109917911353884677
1109917341322756097
1109911492810420227
1109905181356052480
1109879304077348866
1109869637922099204
1109859725179568128
1109853610324750336
1109840378839089152
1109840306827083776
1109839830802939910
1109839669955649536
1108865022262951944
1107178978966675456
1107037700140515328
1089315583202492416
1086806932617195522
1082306035312922624
1075459587652902912
1075433958052114432
1072047012613361664
1072046061777272832
1072045914322276352
1072045871192252416
1072044570836393985
1069158177734823936
1068370263262281728
1067537321715789824
1067471105064091649
1067461417362735105
1062903253812346880
1060285988906377218
1055006034698354688
1055004265071161344
1050747303357767681
1044636563295137792
1043873662070403072
1040680982364475392
1032821024457256960
1029808905377988608
1029382293985677312
1029163475984175104
1029084315618037765
1017980116947886080
1015812259891830784
1014161937079373830
1011625206023118850
1010702819631001601
1008429569710252032
1008429506393018369
1008421886366244865
1006258940643028997
1005517962088992768
1005517124150943744
1005477686217793537
1005477676889632768
1005471252470030336
1005439282746621952
1005436769796583424
1005241814599774208
1005241742755495937
1005212148312756225
1005210680302166017
1005204201939628032
1005204084012584960
1005140609496215552
1005139918568525824
1005111220507168768
1005065918660177925
1005057264879890432
1005051408977100801
1005050536331276289
1005046249412874241
1005044726377205760
1005043024429289473
1005012185008009216
1005009671206432769
1005009665305038848
1005001083893305344
1004987645146161152
1004983842036486144
1004972193904840704
1004952680106790912
1004943758398500864
1004938537391869952
1004927194886483973
1004030975108530177
1004015170371416064
1004010351820787712
1003361544758005760
1001025317434216448
999635672557326337
996457075537563648
992416823571308544
991338382042288128
989249465134534656
988916027009523712
988532605833371648
988463126780825602
988457689134092295
988440129051258880
988437344893177857
988436905124683779
988387094581141505
988386522641596416
988278250135748608
988278230099677185
988274421252218880
987891243190575104
987810321908883458
987759001487183872
987753330775674880
987750454812700672
987748857386762241
987748780479922176
987748707046223873
987701448480907264
987491939095203840
987464742225809410
987459772147556352
987448816705077253
987438069988110336
987432636929933313
987429689299030017
987429072069386240
987403791359234048
987369995641458689
987349759999512578
987349720917037056
987349554587717637
987334214818426880
987314044901011456
987304096087539714
987302386019467265
987300902305382401
987291086321266688
987283177684299778
987267720650608640
987267713448988672
987267630133317632
987267342366363648
987266163829862401
987238397000536064
987221397771612160
987211073521668096
987208772538908672
987202755923034112
987196159751008256
987194661734240256
987186153299369984
987180189280022529
987176480550608896
987174081232420864
987172762765541377
987172369776238592
987172128846958592
987169546430795776
987169226598338561
987168437427490816
987168316459552768
987166920255397888
987094193985040384
987094074258870272
987093350187663360
987093262224814080
986832382446723072
986808043160637440
986578497467494400
986572047118688256
986560822066298882
986536253381337088
986524545455738880
986520215918907393
986440932768845824
986439077359693826
986434077858426880
986409809997172737
986387268402368512
986386336947912704
986348587129991170
986318084708421632
986311253504200704
986297119911837699
986296842819375105
986290897758367744
986288189395558400
986282862289805312
986282393421086720
986280617301209089
986278943073415174
986278801314369536
986275633478209536
986269747443589120
986262559207645184
986260035507453952
986255514924408835
986247435943997447
986237388299976705
986234522621460481
986232114394869760
986229404924895233
986228870637535233
986225839263039488
986219112123772929
986214663783370754
986212902850977792
986199438099124224
986192936449855488
986189944942051329
986173711635173377
986168076017258496
986145326493990912
986145213000404992
986144516322353152
986144146330128384
986143879639511040
986141319142703104
986141267796086789
986138793248894976
986134639843692545
986131981019709440
986131950472593408
986131919552233472
986131060017717248
986131005458137089
986130972620894208
986130943529271296
986123965855707136
986109230238363648
986108588740497410
986108546759606272
986108168676806658
986107837033123840
986107102711037952
986107076631040000
986106011252477952
986104016642953216
986094046509780995
985039864524623872
985038705307062273
985036549950722048
977993238513639425
971184182574624771
964618466253819905
953379635936485377
952194310241443841
951948120350375936
948994560419684352
939906748839809025
934716162260205568
928201582843432960
922358465598812160
919817765699059712
903189225406947328
901812137953288192
898965902020009986
898908504278224896
898907979520540673
875039936990388224
863649916735901698
837302340055154688
720013861135523841
710991662512742401
707646984103063552
692658876165013504
673448018050420736
665128518729097216
661660063497605123
644574986871574528
622454421151158272
612578265115590656
612414883376824321
611020443684859904
606403698252759040
601061283513827328
598258553036505088
574604393414201344
572170923563999232
539467634887376897
488793966545231874
488792606097539072
467213723883405312
434695963979296768
422008072093966336
420652530579013632
420652468830478336
419225925554012160
417247171042639873
414732382923943936
408071554694930432
403223353873678336
403108751634612224
393859634404286465
389138775567532032
384005207144665088
379773997006614529
378884860112535552
375813865570721792
375813693101318144
371742881817837568
362151827791282177
356142455395057665
356134713842343936
354967747085615104
343419858177908736
324001020692799489
324000369191567360
323995811451125760
322836452713041920
317580878110937088
316721749121187843
311841685304913922
305167922446344192
292764579530960897
285521193933602816
283322251187732480
281407232598482944
239894382050934784
224913859050340352
223818273278537728
220334986690183168
215226420853616640
206457327681945601
206091142704537600
203892435766611969
203729002077233152
198795999374876673
196232126054662145
190898105561006080
183593869525520384
178527051819659264
173191941092147200
169384532636741632
163223427816243200
163221270509518848
162000642695626752
157587164769689601
157246421630861312
157246419340763136
144553374438785024
141975375705145345
141966505062576128
141964123872313344
138113744172625920
133185645244973056
128534723122302976
120651225510313984
119003785640153089
117262448536465408
116045716832534528
114178430311989248
113233924343332864
105905807199174656
105905806779760640
105905806528094208
105905805852815360
104226751869222912
99865955613683712
90217652160700416
78127599448113154
72310288426348544
68129451988369408
64855910652190720
62232682616193024
60316773345525760
58756045065027585
58595282098720769
58291453037776896
58290611572310017
58290417929695233
58287356091973634
58285415056162816
58216423973076992
52013605922676737
34745832628555778
34287752098881536
34286685827112960
34275665872166912
34267636544053248
34266380081565696
34266067253739520
34266011771346944
34263395641327616
30668405048606720
15406847343206400
6908454576852992
4692407555719168
25463990137
22658065596
22334875744
22292989371
20944217555
18972463461
18875259601
18552772343
18525868867
18284567131
18099389153
14096125657
14081104881
13119291085
13119071749
13083657661
12222792119
11426331524
11242809892
11044386696
10881027689
10668741110
10497218930
10160895677
8038735006
7834178869
7823506534
7065460467
5536216079
5306973784
5133042863
4950432836
